{
 "cells": [
  {
   "cell_type": "markdown",
   "metadata": {},
   "source": [
    "# DATA EXPLORATION"
   ]
  },
  {
   "cell_type": "code",
   "execution_count": 102,
   "metadata": {},
   "outputs": [],
   "source": [
    "import os\n",
    "import pandas as pd\n",
    "import numpy as np\n",
    "import matplotlib.pyplot as plt\n",
    "from sklearn import preprocessing\n",
    "import visuals as vs\n",
    "%matplotlib inline\n",
    "from sklearn.model_selection import train_test_split\n",
    "data=pd.read_csv('Indian Liver Patient Dataset (ILPD).csv')"
   ]
  },
  {
   "cell_type": "markdown",
   "metadata": {},
   "source": [
    "# Statistical caluculation"
   ]
  },
  {
   "cell_type": "code",
   "execution_count": 103,
   "metadata": {},
   "outputs": [
    {
     "data": {
      "text/html": [
       "<div>\n",
       "<style scoped>\n",
       "    .dataframe tbody tr th:only-of-type {\n",
       "        vertical-align: middle;\n",
       "    }\n",
       "\n",
       "    .dataframe tbody tr th {\n",
       "        vertical-align: top;\n",
       "    }\n",
       "\n",
       "    .dataframe thead th {\n",
       "        text-align: right;\n",
       "    }\n",
       "</style>\n",
       "<table border=\"1\" class=\"dataframe\">\n",
       "  <thead>\n",
       "    <tr style=\"text-align: right;\">\n",
       "      <th></th>\n",
       "      <th>age</th>\n",
       "      <th>tot_bilirubin</th>\n",
       "      <th>direct_bilirubin</th>\n",
       "      <th>tot_proteins</th>\n",
       "      <th>albumin</th>\n",
       "      <th>ag_ratio</th>\n",
       "      <th>sgpt</th>\n",
       "      <th>sgot</th>\n",
       "      <th>alkphos</th>\n",
       "      <th>is_patient</th>\n",
       "    </tr>\n",
       "  </thead>\n",
       "  <tbody>\n",
       "    <tr>\n",
       "      <th>count</th>\n",
       "      <td>583.000000</td>\n",
       "      <td>583.000000</td>\n",
       "      <td>583.000000</td>\n",
       "      <td>583.000000</td>\n",
       "      <td>583.000000</td>\n",
       "      <td>583.000000</td>\n",
       "      <td>583.000000</td>\n",
       "      <td>583.000000</td>\n",
       "      <td>579.000000</td>\n",
       "      <td>583.000000</td>\n",
       "    </tr>\n",
       "    <tr>\n",
       "      <th>mean</th>\n",
       "      <td>44.746141</td>\n",
       "      <td>3.298799</td>\n",
       "      <td>1.486106</td>\n",
       "      <td>290.576329</td>\n",
       "      <td>80.713551</td>\n",
       "      <td>109.910806</td>\n",
       "      <td>6.483190</td>\n",
       "      <td>3.141852</td>\n",
       "      <td>0.947064</td>\n",
       "      <td>1.286449</td>\n",
       "    </tr>\n",
       "    <tr>\n",
       "      <th>std</th>\n",
       "      <td>16.189833</td>\n",
       "      <td>6.209522</td>\n",
       "      <td>2.808498</td>\n",
       "      <td>242.937989</td>\n",
       "      <td>182.620356</td>\n",
       "      <td>288.918529</td>\n",
       "      <td>1.085451</td>\n",
       "      <td>0.795519</td>\n",
       "      <td>0.319592</td>\n",
       "      <td>0.452490</td>\n",
       "    </tr>\n",
       "    <tr>\n",
       "      <th>min</th>\n",
       "      <td>4.000000</td>\n",
       "      <td>0.400000</td>\n",
       "      <td>0.100000</td>\n",
       "      <td>63.000000</td>\n",
       "      <td>10.000000</td>\n",
       "      <td>10.000000</td>\n",
       "      <td>2.700000</td>\n",
       "      <td>0.900000</td>\n",
       "      <td>0.300000</td>\n",
       "      <td>1.000000</td>\n",
       "    </tr>\n",
       "    <tr>\n",
       "      <th>25%</th>\n",
       "      <td>33.000000</td>\n",
       "      <td>0.800000</td>\n",
       "      <td>0.200000</td>\n",
       "      <td>175.500000</td>\n",
       "      <td>23.000000</td>\n",
       "      <td>25.000000</td>\n",
       "      <td>5.800000</td>\n",
       "      <td>2.600000</td>\n",
       "      <td>0.700000</td>\n",
       "      <td>1.000000</td>\n",
       "    </tr>\n",
       "    <tr>\n",
       "      <th>50%</th>\n",
       "      <td>45.000000</td>\n",
       "      <td>1.000000</td>\n",
       "      <td>0.300000</td>\n",
       "      <td>208.000000</td>\n",
       "      <td>35.000000</td>\n",
       "      <td>42.000000</td>\n",
       "      <td>6.600000</td>\n",
       "      <td>3.100000</td>\n",
       "      <td>0.930000</td>\n",
       "      <td>1.000000</td>\n",
       "    </tr>\n",
       "    <tr>\n",
       "      <th>75%</th>\n",
       "      <td>58.000000</td>\n",
       "      <td>2.600000</td>\n",
       "      <td>1.300000</td>\n",
       "      <td>298.000000</td>\n",
       "      <td>60.500000</td>\n",
       "      <td>87.000000</td>\n",
       "      <td>7.200000</td>\n",
       "      <td>3.800000</td>\n",
       "      <td>1.100000</td>\n",
       "      <td>2.000000</td>\n",
       "    </tr>\n",
       "    <tr>\n",
       "      <th>max</th>\n",
       "      <td>90.000000</td>\n",
       "      <td>75.000000</td>\n",
       "      <td>19.700000</td>\n",
       "      <td>2110.000000</td>\n",
       "      <td>2000.000000</td>\n",
       "      <td>4929.000000</td>\n",
       "      <td>9.600000</td>\n",
       "      <td>5.500000</td>\n",
       "      <td>2.800000</td>\n",
       "      <td>2.000000</td>\n",
       "    </tr>\n",
       "  </tbody>\n",
       "</table>\n",
       "</div>"
      ],
      "text/plain": [
       "              age  tot_bilirubin  direct_bilirubin  tot_proteins      albumin  \\\n",
       "count  583.000000     583.000000        583.000000    583.000000   583.000000   \n",
       "mean    44.746141       3.298799          1.486106    290.576329    80.713551   \n",
       "std     16.189833       6.209522          2.808498    242.937989   182.620356   \n",
       "min      4.000000       0.400000          0.100000     63.000000    10.000000   \n",
       "25%     33.000000       0.800000          0.200000    175.500000    23.000000   \n",
       "50%     45.000000       1.000000          0.300000    208.000000    35.000000   \n",
       "75%     58.000000       2.600000          1.300000    298.000000    60.500000   \n",
       "max     90.000000      75.000000         19.700000   2110.000000  2000.000000   \n",
       "\n",
       "          ag_ratio        sgpt        sgot     alkphos  is_patient  \n",
       "count   583.000000  583.000000  583.000000  579.000000  583.000000  \n",
       "mean    109.910806    6.483190    3.141852    0.947064    1.286449  \n",
       "std     288.918529    1.085451    0.795519    0.319592    0.452490  \n",
       "min      10.000000    2.700000    0.900000    0.300000    1.000000  \n",
       "25%      25.000000    5.800000    2.600000    0.700000    1.000000  \n",
       "50%      42.000000    6.600000    3.100000    0.930000    1.000000  \n",
       "75%      87.000000    7.200000    3.800000    1.100000    2.000000  \n",
       "max    4929.000000    9.600000    5.500000    2.800000    2.000000  "
      ]
     },
     "execution_count": 103,
     "metadata": {},
     "output_type": "execute_result"
    }
   ],
   "source": [
    "data.describe()"
   ]
  },
  {
   "cell_type": "code",
   "execution_count": 104,
   "metadata": {},
   "outputs": [
    {
     "data": {
      "text/html": [
       "<div>\n",
       "<style scoped>\n",
       "    .dataframe tbody tr th:only-of-type {\n",
       "        vertical-align: middle;\n",
       "    }\n",
       "\n",
       "    .dataframe tbody tr th {\n",
       "        vertical-align: top;\n",
       "    }\n",
       "\n",
       "    .dataframe thead th {\n",
       "        text-align: right;\n",
       "    }\n",
       "</style>\n",
       "<table border=\"1\" class=\"dataframe\">\n",
       "  <thead>\n",
       "    <tr style=\"text-align: right;\">\n",
       "      <th></th>\n",
       "      <th>age</th>\n",
       "      <th>tot_bilirubin</th>\n",
       "      <th>direct_bilirubin</th>\n",
       "      <th>tot_proteins</th>\n",
       "      <th>albumin</th>\n",
       "      <th>ag_ratio</th>\n",
       "      <th>sgpt</th>\n",
       "      <th>sgot</th>\n",
       "      <th>alkphos</th>\n",
       "      <th>is_patient</th>\n",
       "    </tr>\n",
       "  </thead>\n",
       "  <tbody>\n",
       "    <tr>\n",
       "      <th>age</th>\n",
       "      <td>1.000000</td>\n",
       "      <td>0.011763</td>\n",
       "      <td>0.007529</td>\n",
       "      <td>0.080425</td>\n",
       "      <td>-0.086883</td>\n",
       "      <td>-0.019910</td>\n",
       "      <td>-0.187461</td>\n",
       "      <td>-0.265924</td>\n",
       "      <td>-0.216408</td>\n",
       "      <td>-0.137351</td>\n",
       "    </tr>\n",
       "    <tr>\n",
       "      <th>tot_bilirubin</th>\n",
       "      <td>0.011763</td>\n",
       "      <td>1.000000</td>\n",
       "      <td>0.874618</td>\n",
       "      <td>0.206669</td>\n",
       "      <td>0.214065</td>\n",
       "      <td>0.237831</td>\n",
       "      <td>-0.008099</td>\n",
       "      <td>-0.222250</td>\n",
       "      <td>-0.206267</td>\n",
       "      <td>-0.220208</td>\n",
       "    </tr>\n",
       "    <tr>\n",
       "      <th>direct_bilirubin</th>\n",
       "      <td>0.007529</td>\n",
       "      <td>0.874618</td>\n",
       "      <td>1.000000</td>\n",
       "      <td>0.234939</td>\n",
       "      <td>0.233894</td>\n",
       "      <td>0.257544</td>\n",
       "      <td>-0.000139</td>\n",
       "      <td>-0.228531</td>\n",
       "      <td>-0.200125</td>\n",
       "      <td>-0.246046</td>\n",
       "    </tr>\n",
       "    <tr>\n",
       "      <th>tot_proteins</th>\n",
       "      <td>0.080425</td>\n",
       "      <td>0.206669</td>\n",
       "      <td>0.234939</td>\n",
       "      <td>1.000000</td>\n",
       "      <td>0.125680</td>\n",
       "      <td>0.167196</td>\n",
       "      <td>-0.028514</td>\n",
       "      <td>-0.165453</td>\n",
       "      <td>-0.234166</td>\n",
       "      <td>-0.184866</td>\n",
       "    </tr>\n",
       "    <tr>\n",
       "      <th>albumin</th>\n",
       "      <td>-0.086883</td>\n",
       "      <td>0.214065</td>\n",
       "      <td>0.233894</td>\n",
       "      <td>0.125680</td>\n",
       "      <td>1.000000</td>\n",
       "      <td>0.791966</td>\n",
       "      <td>-0.042518</td>\n",
       "      <td>-0.029742</td>\n",
       "      <td>-0.002375</td>\n",
       "      <td>-0.163416</td>\n",
       "    </tr>\n",
       "    <tr>\n",
       "      <th>ag_ratio</th>\n",
       "      <td>-0.019910</td>\n",
       "      <td>0.237831</td>\n",
       "      <td>0.257544</td>\n",
       "      <td>0.167196</td>\n",
       "      <td>0.791966</td>\n",
       "      <td>1.000000</td>\n",
       "      <td>-0.025645</td>\n",
       "      <td>-0.085290</td>\n",
       "      <td>-0.070040</td>\n",
       "      <td>-0.151934</td>\n",
       "    </tr>\n",
       "    <tr>\n",
       "      <th>sgpt</th>\n",
       "      <td>-0.187461</td>\n",
       "      <td>-0.008099</td>\n",
       "      <td>-0.000139</td>\n",
       "      <td>-0.028514</td>\n",
       "      <td>-0.042518</td>\n",
       "      <td>-0.025645</td>\n",
       "      <td>1.000000</td>\n",
       "      <td>0.784053</td>\n",
       "      <td>0.234887</td>\n",
       "      <td>0.035008</td>\n",
       "    </tr>\n",
       "    <tr>\n",
       "      <th>sgot</th>\n",
       "      <td>-0.265924</td>\n",
       "      <td>-0.222250</td>\n",
       "      <td>-0.228531</td>\n",
       "      <td>-0.165453</td>\n",
       "      <td>-0.029742</td>\n",
       "      <td>-0.085290</td>\n",
       "      <td>0.784053</td>\n",
       "      <td>1.000000</td>\n",
       "      <td>0.689632</td>\n",
       "      <td>0.161388</td>\n",
       "    </tr>\n",
       "    <tr>\n",
       "      <th>alkphos</th>\n",
       "      <td>-0.216408</td>\n",
       "      <td>-0.206267</td>\n",
       "      <td>-0.200125</td>\n",
       "      <td>-0.234166</td>\n",
       "      <td>-0.002375</td>\n",
       "      <td>-0.070040</td>\n",
       "      <td>0.234887</td>\n",
       "      <td>0.689632</td>\n",
       "      <td>1.000000</td>\n",
       "      <td>0.163131</td>\n",
       "    </tr>\n",
       "    <tr>\n",
       "      <th>is_patient</th>\n",
       "      <td>-0.137351</td>\n",
       "      <td>-0.220208</td>\n",
       "      <td>-0.246046</td>\n",
       "      <td>-0.184866</td>\n",
       "      <td>-0.163416</td>\n",
       "      <td>-0.151934</td>\n",
       "      <td>0.035008</td>\n",
       "      <td>0.161388</td>\n",
       "      <td>0.163131</td>\n",
       "      <td>1.000000</td>\n",
       "    </tr>\n",
       "  </tbody>\n",
       "</table>\n",
       "</div>"
      ],
      "text/plain": [
       "                       age  tot_bilirubin  direct_bilirubin  tot_proteins  \\\n",
       "age               1.000000       0.011763          0.007529      0.080425   \n",
       "tot_bilirubin     0.011763       1.000000          0.874618      0.206669   \n",
       "direct_bilirubin  0.007529       0.874618          1.000000      0.234939   \n",
       "tot_proteins      0.080425       0.206669          0.234939      1.000000   \n",
       "albumin          -0.086883       0.214065          0.233894      0.125680   \n",
       "ag_ratio         -0.019910       0.237831          0.257544      0.167196   \n",
       "sgpt             -0.187461      -0.008099         -0.000139     -0.028514   \n",
       "sgot             -0.265924      -0.222250         -0.228531     -0.165453   \n",
       "alkphos          -0.216408      -0.206267         -0.200125     -0.234166   \n",
       "is_patient       -0.137351      -0.220208         -0.246046     -0.184866   \n",
       "\n",
       "                   albumin  ag_ratio      sgpt      sgot   alkphos  is_patient  \n",
       "age              -0.086883 -0.019910 -0.187461 -0.265924 -0.216408   -0.137351  \n",
       "tot_bilirubin     0.214065  0.237831 -0.008099 -0.222250 -0.206267   -0.220208  \n",
       "direct_bilirubin  0.233894  0.257544 -0.000139 -0.228531 -0.200125   -0.246046  \n",
       "tot_proteins      0.125680  0.167196 -0.028514 -0.165453 -0.234166   -0.184866  \n",
       "albumin           1.000000  0.791966 -0.042518 -0.029742 -0.002375   -0.163416  \n",
       "ag_ratio          0.791966  1.000000 -0.025645 -0.085290 -0.070040   -0.151934  \n",
       "sgpt             -0.042518 -0.025645  1.000000  0.784053  0.234887    0.035008  \n",
       "sgot             -0.029742 -0.085290  0.784053  1.000000  0.689632    0.161388  \n",
       "alkphos          -0.002375 -0.070040  0.234887  0.689632  1.000000    0.163131  \n",
       "is_patient       -0.163416 -0.151934  0.035008  0.161388  0.163131    1.000000  "
      ]
     },
     "execution_count": 104,
     "metadata": {},
     "output_type": "execute_result"
    }
   ],
   "source": [
    "data.corr()"
   ]
  },
  {
   "cell_type": "markdown",
   "metadata": {},
   "source": [
    "# Preprocessing the Data"
   ]
  },
  {
   "cell_type": "code",
   "execution_count": 105,
   "metadata": {},
   "outputs": [
    {
     "data": {
      "text/plain": [
       "age                 0\n",
       "gender              0\n",
       "tot_bilirubin       0\n",
       "direct_bilirubin    0\n",
       "tot_proteins        0\n",
       "albumin             0\n",
       "ag_ratio            0\n",
       "sgpt                0\n",
       "sgot                0\n",
       "alkphos             4\n",
       "is_patient          0\n",
       "dtype: int64"
      ]
     },
     "execution_count": 105,
     "metadata": {},
     "output_type": "execute_result"
    }
   ],
   "source": [
    "#Treatment for missing values\n",
    "data.apply(lambda x: sum(x.isnull()),axis=0)"
   ]
  },
  {
   "cell_type": "code",
   "execution_count": 106,
   "metadata": {},
   "outputs": [
    {
     "data": {
      "text/plain": [
       "age                  72\n",
       "gender                2\n",
       "tot_bilirubin       113\n",
       "direct_bilirubin     80\n",
       "tot_proteins        263\n",
       "albumin             152\n",
       "ag_ratio            177\n",
       "sgpt                 58\n",
       "sgot                 40\n",
       "alkphos              69\n",
       "is_patient            2\n",
       "dtype: int64"
      ]
     },
     "execution_count": 106,
     "metadata": {},
     "output_type": "execute_result"
    }
   ],
   "source": [
    "data.nunique()"
   ]
  },
  {
   "cell_type": "code",
   "execution_count": 107,
   "metadata": {},
   "outputs": [
    {
     "data": {
      "text/plain": [
       "Male      441\n",
       "Female    142\n",
       "Name: gender, dtype: int64"
      ]
     },
     "execution_count": 107,
     "metadata": {},
     "output_type": "execute_result"
    }
   ],
   "source": [
    "data['gender'].value_counts()"
   ]
  },
  {
   "cell_type": "code",
   "execution_count": 108,
   "metadata": {},
   "outputs": [
    {
     "name": "stdout",
     "output_type": "stream",
     "text": [
      "length before removing NaN values:583\n",
      "length after removing NaN values:579\n"
     ]
    }
   ],
   "source": [
    "# We can see that the column 'alkphos' has 4 missing values\n",
    "Alkphos=data['alkphos']\n",
    "print (\"length before removing NaN values:%d\"%len(data))\n",
    "data = data[pd.notnull(data['alkphos'])]\n",
    "print (\"length after removing NaN values:%d\"%len(data))"
   ]
  },
  {
   "cell_type": "code",
   "execution_count": 109,
   "metadata": {},
   "outputs": [
    {
     "data": {
      "text/html": [
       "<div>\n",
       "<style scoped>\n",
       "    .dataframe tbody tr th:only-of-type {\n",
       "        vertical-align: middle;\n",
       "    }\n",
       "\n",
       "    .dataframe tbody tr th {\n",
       "        vertical-align: top;\n",
       "    }\n",
       "\n",
       "    .dataframe thead th {\n",
       "        text-align: right;\n",
       "    }\n",
       "</style>\n",
       "<table border=\"1\" class=\"dataframe\">\n",
       "  <thead>\n",
       "    <tr style=\"text-align: right;\">\n",
       "      <th></th>\n",
       "      <th>age</th>\n",
       "      <th>tot_bilirubin</th>\n",
       "      <th>direct_bilirubin</th>\n",
       "      <th>tot_proteins</th>\n",
       "      <th>albumin</th>\n",
       "      <th>ag_ratio</th>\n",
       "      <th>sgpt</th>\n",
       "      <th>sgot</th>\n",
       "      <th>alkphos</th>\n",
       "      <th>is_patient</th>\n",
       "    </tr>\n",
       "  </thead>\n",
       "  <tbody>\n",
       "    <tr>\n",
       "      <th>count</th>\n",
       "      <td>579.000000</td>\n",
       "      <td>579.000000</td>\n",
       "      <td>579.000000</td>\n",
       "      <td>579.000000</td>\n",
       "      <td>579.000000</td>\n",
       "      <td>579.000000</td>\n",
       "      <td>579.000000</td>\n",
       "      <td>579.000000</td>\n",
       "      <td>579.000000</td>\n",
       "      <td>579.000000</td>\n",
       "    </tr>\n",
       "    <tr>\n",
       "      <th>mean</th>\n",
       "      <td>44.782383</td>\n",
       "      <td>3.315371</td>\n",
       "      <td>1.494128</td>\n",
       "      <td>291.366149</td>\n",
       "      <td>81.126079</td>\n",
       "      <td>110.414508</td>\n",
       "      <td>6.481693</td>\n",
       "      <td>3.138515</td>\n",
       "      <td>0.947064</td>\n",
       "      <td>1.284974</td>\n",
       "    </tr>\n",
       "    <tr>\n",
       "      <th>std</th>\n",
       "      <td>16.221786</td>\n",
       "      <td>6.227716</td>\n",
       "      <td>2.816499</td>\n",
       "      <td>243.561863</td>\n",
       "      <td>183.182845</td>\n",
       "      <td>289.850034</td>\n",
       "      <td>1.084641</td>\n",
       "      <td>0.794435</td>\n",
       "      <td>0.319592</td>\n",
       "      <td>0.451792</td>\n",
       "    </tr>\n",
       "    <tr>\n",
       "      <th>min</th>\n",
       "      <td>4.000000</td>\n",
       "      <td>0.400000</td>\n",
       "      <td>0.100000</td>\n",
       "      <td>63.000000</td>\n",
       "      <td>10.000000</td>\n",
       "      <td>10.000000</td>\n",
       "      <td>2.700000</td>\n",
       "      <td>0.900000</td>\n",
       "      <td>0.300000</td>\n",
       "      <td>1.000000</td>\n",
       "    </tr>\n",
       "    <tr>\n",
       "      <th>25%</th>\n",
       "      <td>33.000000</td>\n",
       "      <td>0.800000</td>\n",
       "      <td>0.200000</td>\n",
       "      <td>175.500000</td>\n",
       "      <td>23.000000</td>\n",
       "      <td>25.000000</td>\n",
       "      <td>5.800000</td>\n",
       "      <td>2.600000</td>\n",
       "      <td>0.700000</td>\n",
       "      <td>1.000000</td>\n",
       "    </tr>\n",
       "    <tr>\n",
       "      <th>50%</th>\n",
       "      <td>45.000000</td>\n",
       "      <td>1.000000</td>\n",
       "      <td>0.300000</td>\n",
       "      <td>208.000000</td>\n",
       "      <td>35.000000</td>\n",
       "      <td>42.000000</td>\n",
       "      <td>6.600000</td>\n",
       "      <td>3.100000</td>\n",
       "      <td>0.930000</td>\n",
       "      <td>1.000000</td>\n",
       "    </tr>\n",
       "    <tr>\n",
       "      <th>75%</th>\n",
       "      <td>58.000000</td>\n",
       "      <td>2.600000</td>\n",
       "      <td>1.300000</td>\n",
       "      <td>298.000000</td>\n",
       "      <td>61.000000</td>\n",
       "      <td>87.000000</td>\n",
       "      <td>7.200000</td>\n",
       "      <td>3.800000</td>\n",
       "      <td>1.100000</td>\n",
       "      <td>2.000000</td>\n",
       "    </tr>\n",
       "    <tr>\n",
       "      <th>max</th>\n",
       "      <td>90.000000</td>\n",
       "      <td>75.000000</td>\n",
       "      <td>19.700000</td>\n",
       "      <td>2110.000000</td>\n",
       "      <td>2000.000000</td>\n",
       "      <td>4929.000000</td>\n",
       "      <td>9.600000</td>\n",
       "      <td>5.500000</td>\n",
       "      <td>2.800000</td>\n",
       "      <td>2.000000</td>\n",
       "    </tr>\n",
       "  </tbody>\n",
       "</table>\n",
       "</div>"
      ],
      "text/plain": [
       "              age  tot_bilirubin  direct_bilirubin  tot_proteins      albumin  \\\n",
       "count  579.000000     579.000000        579.000000    579.000000   579.000000   \n",
       "mean    44.782383       3.315371          1.494128    291.366149    81.126079   \n",
       "std     16.221786       6.227716          2.816499    243.561863   183.182845   \n",
       "min      4.000000       0.400000          0.100000     63.000000    10.000000   \n",
       "25%     33.000000       0.800000          0.200000    175.500000    23.000000   \n",
       "50%     45.000000       1.000000          0.300000    208.000000    35.000000   \n",
       "75%     58.000000       2.600000          1.300000    298.000000    61.000000   \n",
       "max     90.000000      75.000000         19.700000   2110.000000  2000.000000   \n",
       "\n",
       "          ag_ratio        sgpt        sgot     alkphos  is_patient  \n",
       "count   579.000000  579.000000  579.000000  579.000000  579.000000  \n",
       "mean    110.414508    6.481693    3.138515    0.947064    1.284974  \n",
       "std     289.850034    1.084641    0.794435    0.319592    0.451792  \n",
       "min      10.000000    2.700000    0.900000    0.300000    1.000000  \n",
       "25%      25.000000    5.800000    2.600000    0.700000    1.000000  \n",
       "50%      42.000000    6.600000    3.100000    0.930000    1.000000  \n",
       "75%      87.000000    7.200000    3.800000    1.100000    2.000000  \n",
       "max    4929.000000    9.600000    5.500000    2.800000    2.000000  "
      ]
     },
     "execution_count": 109,
     "metadata": {},
     "output_type": "execute_result"
    }
   ],
   "source": [
    "data.describe()"
   ]
  },
  {
   "cell_type": "code",
   "execution_count": 110,
   "metadata": {},
   "outputs": [
    {
     "data": {
      "text/html": [
       "<div>\n",
       "<style scoped>\n",
       "    .dataframe tbody tr th:only-of-type {\n",
       "        vertical-align: middle;\n",
       "    }\n",
       "\n",
       "    .dataframe tbody tr th {\n",
       "        vertical-align: top;\n",
       "    }\n",
       "\n",
       "    .dataframe thead th {\n",
       "        text-align: right;\n",
       "    }\n",
       "</style>\n",
       "<table border=\"1\" class=\"dataframe\">\n",
       "  <thead>\n",
       "    <tr style=\"text-align: right;\">\n",
       "      <th></th>\n",
       "      <th>age</th>\n",
       "      <th>tot_bilirubin</th>\n",
       "      <th>direct_bilirubin</th>\n",
       "      <th>tot_proteins</th>\n",
       "      <th>albumin</th>\n",
       "      <th>ag_ratio</th>\n",
       "      <th>sgpt</th>\n",
       "      <th>sgot</th>\n",
       "      <th>alkphos</th>\n",
       "      <th>is_patient</th>\n",
       "    </tr>\n",
       "  </thead>\n",
       "  <tbody>\n",
       "    <tr>\n",
       "      <th>age</th>\n",
       "      <td>1.000000</td>\n",
       "      <td>0.011000</td>\n",
       "      <td>0.006784</td>\n",
       "      <td>0.078878</td>\n",
       "      <td>-0.087799</td>\n",
       "      <td>-0.020499</td>\n",
       "      <td>-0.186248</td>\n",
       "      <td>-0.264211</td>\n",
       "      <td>-0.216408</td>\n",
       "      <td>-0.133164</td>\n",
       "    </tr>\n",
       "    <tr>\n",
       "      <th>tot_bilirubin</th>\n",
       "      <td>0.011000</td>\n",
       "      <td>1.000000</td>\n",
       "      <td>0.874481</td>\n",
       "      <td>0.205739</td>\n",
       "      <td>0.213375</td>\n",
       "      <td>0.237323</td>\n",
       "      <td>-0.007906</td>\n",
       "      <td>-0.222087</td>\n",
       "      <td>-0.206267</td>\n",
       "      <td>-0.220218</td>\n",
       "    </tr>\n",
       "    <tr>\n",
       "      <th>direct_bilirubin</th>\n",
       "      <td>0.006784</td>\n",
       "      <td>0.874481</td>\n",
       "      <td>1.000000</td>\n",
       "      <td>0.234008</td>\n",
       "      <td>0.233180</td>\n",
       "      <td>0.257022</td>\n",
       "      <td>0.000033</td>\n",
       "      <td>-0.228409</td>\n",
       "      <td>-0.200125</td>\n",
       "      <td>-0.246273</td>\n",
       "    </tr>\n",
       "    <tr>\n",
       "      <th>tot_proteins</th>\n",
       "      <td>0.078878</td>\n",
       "      <td>0.205739</td>\n",
       "      <td>0.234008</td>\n",
       "      <td>1.000000</td>\n",
       "      <td>0.124777</td>\n",
       "      <td>0.166580</td>\n",
       "      <td>-0.027062</td>\n",
       "      <td>-0.163419</td>\n",
       "      <td>-0.234166</td>\n",
       "      <td>-0.183363</td>\n",
       "    </tr>\n",
       "    <tr>\n",
       "      <th>albumin</th>\n",
       "      <td>-0.087799</td>\n",
       "      <td>0.213375</td>\n",
       "      <td>0.233180</td>\n",
       "      <td>0.124777</td>\n",
       "      <td>1.000000</td>\n",
       "      <td>0.791862</td>\n",
       "      <td>-0.042432</td>\n",
       "      <td>-0.028658</td>\n",
       "      <td>-0.002375</td>\n",
       "      <td>-0.163117</td>\n",
       "    </tr>\n",
       "    <tr>\n",
       "      <th>ag_ratio</th>\n",
       "      <td>-0.020499</td>\n",
       "      <td>0.237323</td>\n",
       "      <td>0.257022</td>\n",
       "      <td>0.166580</td>\n",
       "      <td>0.791862</td>\n",
       "      <td>1.000000</td>\n",
       "      <td>-0.025751</td>\n",
       "      <td>-0.084915</td>\n",
       "      <td>-0.070040</td>\n",
       "      <td>-0.151834</td>\n",
       "    </tr>\n",
       "    <tr>\n",
       "      <th>sgpt</th>\n",
       "      <td>-0.186248</td>\n",
       "      <td>-0.007906</td>\n",
       "      <td>0.000033</td>\n",
       "      <td>-0.027062</td>\n",
       "      <td>-0.042432</td>\n",
       "      <td>-0.025751</td>\n",
       "      <td>1.000000</td>\n",
       "      <td>0.783112</td>\n",
       "      <td>0.234887</td>\n",
       "      <td>0.033614</td>\n",
       "    </tr>\n",
       "    <tr>\n",
       "      <th>sgot</th>\n",
       "      <td>-0.264211</td>\n",
       "      <td>-0.222087</td>\n",
       "      <td>-0.228409</td>\n",
       "      <td>-0.163419</td>\n",
       "      <td>-0.028658</td>\n",
       "      <td>-0.084915</td>\n",
       "      <td>0.783112</td>\n",
       "      <td>1.000000</td>\n",
       "      <td>0.689632</td>\n",
       "      <td>0.159770</td>\n",
       "    </tr>\n",
       "    <tr>\n",
       "      <th>alkphos</th>\n",
       "      <td>-0.216408</td>\n",
       "      <td>-0.206267</td>\n",
       "      <td>-0.200125</td>\n",
       "      <td>-0.234166</td>\n",
       "      <td>-0.002375</td>\n",
       "      <td>-0.070040</td>\n",
       "      <td>0.234887</td>\n",
       "      <td>0.689632</td>\n",
       "      <td>1.000000</td>\n",
       "      <td>0.163131</td>\n",
       "    </tr>\n",
       "    <tr>\n",
       "      <th>is_patient</th>\n",
       "      <td>-0.133164</td>\n",
       "      <td>-0.220218</td>\n",
       "      <td>-0.246273</td>\n",
       "      <td>-0.183363</td>\n",
       "      <td>-0.163117</td>\n",
       "      <td>-0.151834</td>\n",
       "      <td>0.033614</td>\n",
       "      <td>0.159770</td>\n",
       "      <td>0.163131</td>\n",
       "      <td>1.000000</td>\n",
       "    </tr>\n",
       "  </tbody>\n",
       "</table>\n",
       "</div>"
      ],
      "text/plain": [
       "                       age  tot_bilirubin  direct_bilirubin  tot_proteins  \\\n",
       "age               1.000000       0.011000          0.006784      0.078878   \n",
       "tot_bilirubin     0.011000       1.000000          0.874481      0.205739   \n",
       "direct_bilirubin  0.006784       0.874481          1.000000      0.234008   \n",
       "tot_proteins      0.078878       0.205739          0.234008      1.000000   \n",
       "albumin          -0.087799       0.213375          0.233180      0.124777   \n",
       "ag_ratio         -0.020499       0.237323          0.257022      0.166580   \n",
       "sgpt             -0.186248      -0.007906          0.000033     -0.027062   \n",
       "sgot             -0.264211      -0.222087         -0.228409     -0.163419   \n",
       "alkphos          -0.216408      -0.206267         -0.200125     -0.234166   \n",
       "is_patient       -0.133164      -0.220218         -0.246273     -0.183363   \n",
       "\n",
       "                   albumin  ag_ratio      sgpt      sgot   alkphos  is_patient  \n",
       "age              -0.087799 -0.020499 -0.186248 -0.264211 -0.216408   -0.133164  \n",
       "tot_bilirubin     0.213375  0.237323 -0.007906 -0.222087 -0.206267   -0.220218  \n",
       "direct_bilirubin  0.233180  0.257022  0.000033 -0.228409 -0.200125   -0.246273  \n",
       "tot_proteins      0.124777  0.166580 -0.027062 -0.163419 -0.234166   -0.183363  \n",
       "albumin           1.000000  0.791862 -0.042432 -0.028658 -0.002375   -0.163117  \n",
       "ag_ratio          0.791862  1.000000 -0.025751 -0.084915 -0.070040   -0.151834  \n",
       "sgpt             -0.042432 -0.025751  1.000000  0.783112  0.234887    0.033614  \n",
       "sgot             -0.028658 -0.084915  0.783112  1.000000  0.689632    0.159770  \n",
       "alkphos          -0.002375 -0.070040  0.234887  0.689632  1.000000    0.163131  \n",
       "is_patient       -0.163117 -0.151834  0.033614  0.159770  0.163131    1.000000  "
      ]
     },
     "execution_count": 110,
     "metadata": {},
     "output_type": "execute_result"
    }
   ],
   "source": [
    "data.corr()"
   ]
  },
  {
   "cell_type": "markdown",
   "metadata": {},
   "source": [
    "# Log transform certain features\n",
    "\n",
    "After removing the column ‘Disease’ from the dataset as it is the label, we display all features in a histogram format to check if any feature is skewed ( contains a small number of outlier values). Skewed features found are Albumin, Direct Bilirubin, A/G ratio, Total Bilirubin, Total Protein. On these, a log transformation is applied to reduce their range."
   ]
  },
  {
   "cell_type": "code",
   "execution_count": 111,
   "metadata": {},
   "outputs": [
    {
     "data": {
      "text/plain": [
       "array([[<matplotlib.axes._subplots.AxesSubplot object at 0x0000023C54393518>,\n",
       "        <matplotlib.axes._subplots.AxesSubplot object at 0x0000023C54E17CF8>,\n",
       "        <matplotlib.axes._subplots.AxesSubplot object at 0x0000023C54BABF28>],\n",
       "       [<matplotlib.axes._subplots.AxesSubplot object at 0x0000023C54BDD198>,\n",
       "        <matplotlib.axes._subplots.AxesSubplot object at 0x0000023C54C03438>,\n",
       "        <matplotlib.axes._subplots.AxesSubplot object at 0x0000023C54C29668>],\n",
       "       [<matplotlib.axes._subplots.AxesSubplot object at 0x0000023C54C53860>,\n",
       "        <matplotlib.axes._subplots.AxesSubplot object at 0x0000023C54C7CB00>,\n",
       "        <matplotlib.axes._subplots.AxesSubplot object at 0x0000023C54C7CB38>]],\n",
       "      dtype=object)"
      ]
     },
     "execution_count": 111,
     "metadata": {},
     "output_type": "execute_result"
    },
    {
     "data": {
